20
0 12	0 6	0 10	0 3	0 17	0 1	
1 8	1 19	1 0	1 3	1 9	1 15	1 6	1 10	
2 19	2 16	2 15	
3 6	3 2	3 10	3 15	
4 8	4 13	4 19	4 14	4 12	4 3	4 6	4 9	
5 0	
6 2	6 0	
7 12	7 11	7 16	7 13	7 2	7 18	7 4	7 3	7 9	7 15	7 5	7 8	7 6	7 17	7 14	7 19	
8 16	8 5	8 7	
9 6	9 5	9 2	9 18	9 0	9 17	9 7	9 14	9 11	9 16	
10 18	10 4	10 0	10 16	10 12	10 15	
11 4	11 14	11 16	11 17	
12 17	12 19	12 10	12 2	12 9	12 13	12 3	12 0	12 8	12 5	12 18	12 14	12 6	12 15	12 11	12 1	12 16	
13 10	13 0	13 11	13 2	13 14	13 9	13 15	13 7	13 19	13 18	
14 3	14 19	14 4	14 0	14 17	14 7	14 13	14 18	
15 9	15 8	15 16	15 14	15 2	15 0	15 4	15 18	15 5	15 3	15 6	15 13	15 7	15 17	15 19	
16 4	16 12	16 2	16 1	16 18	16 19	16 15	16 3	16 10	16 5	
17 19	17 15	17 12	17 7	17 10	17 4	17 8	17 5	17 18	17 3	17 2	17 1	17 0	17 13	17 14	17 11	17 6	17 16	
18 0	18 4	18 16	18 10	18 13	18 3	
19 18	19 3	19 13	19 0	19 10	19 4	19 9	19 6	19 5	19 7	19 17	19 8	19 16	
